652980194
636639596
361004205
282144358
196350016
193590620
288644415
193573217
171130165
267762265
105313091
148486482
138930553
91956547
111677015
113376590
57817569
111149917
92900355
96893170
51012404
67475791
66220535
68603430
57966393
74231231
72404248
0
43817106
7071622
2310900
45207275
50119408
0
40842569
1154475
42777281
36750211
0
44529384
32494740
0
20092802
317672
33626425
6157705
18771004
35202562
23093906
17657658
28009161
25867515
20532222
25049006
14547881
29035702
28994262
0
21714630
25116955
0
19071404
15482668
0
0
4989301
17640924
0
30047417
0
0
15671307
0
5008179
20535053
0
18289575
9275659
15097632
0
0
20335239
0
19174421
19512134
0
13029994
0
0
0
259242
0
0
336023
5038931
0
10306106
10001000
1919913
0
14409169
0
242069
0
1855384
1088790
6725687
0
8335797
7629085
12289172
11760401
0
1883297
11647099
0
0
0
9002073
2450927
60720
0
0
0
2574318
9774285
4530418
9482744
0
0
0
8915945
8835900
0
0
0
0
0
0
0
0
5028215
7729152
4241908
0
2570000
5600000
0
2001584
7206741
0
3745107
4620045
0
0
1951896
0
0
6217733
0
0
6573799
6601995
0
0
0
6013515
6132813
0
805091
5937306
5404378
5813187
58690
0
5372282
0
0
0
5017817
0
0
0
0
0
0
0
0
625000
4839360
0
0
2767623
303772
0
2647702
4229999
0
0
0